Burbuja
Ascendente de 300 elementos:
4,018150105588331E-4
3,5183567634396076E-4
3,3813375648948966E-4
3,408043618406699E-4
3,4291081510136E-4
3,43830215880762E-4
3,383410159992779E-4
3,40023744423644E-4
3,38944633733408E-4
3,4380750032417696E-4
3,4234196976129516E-4
Descendente de 300 elementos:
0,11985442946631052
0,10955817591921957
0,1093048193145316
0,10961598132591296
0,10951996739331102
0,10969147258177255
0,10936662461624753
0,11002848319861676
0,10942471277763602
0,11008993045773496
0,10990611289888873
Randómico de 300 elementos:
0,16413762254135905
0,16457184469498654
0,16470726119399215
0,16435486253079923
0,1650623585780379
0,16421964268655373
0,16495237418152095
0,16470512581197658
0,1658564826443157
0,16473457302889424
0,16574805610006416

Burbuja
Ascendente de 3000 elementos:
0,0026134125502279507
0,0023949630382223567
0,0022753805831425542
0,0023695012063475827
0,0023471034184060777
0,0023187484578038936
0,002338326928092888
0,00232040226024357
0,0023318998461942086
0,00232947794155854
0,0023277706776382292
Descendente de 3000 elementos:
11,220689469597765
11,290604632993933
11,234429780066668
11,27937123293204
11,256903340183888
11,234429102764082
11,290605543298435
11,22069013886463
11,279373372263514
11,2318069140687
11,220694149229232
Randómico de 3000 elementos:
16,71512860975548
16,715128105713497
16,79846079016876
16,88179580613832
16,731795077684474
16,78179404768502
16,698458224830905
16,748465264327525
16,68178907727097
16,698417105392288
16,947540842722784

Burbuja
Ascendente de 30000 elementos:
0,021762620454496142
0,025522288413311577
0,024584785171826266
0,02718553758654151
0,025346729737806894
0,024624563076890635
0,02452887098181018
0,024681222421226914
0,02502953014913769
0,025258323330093996
0,02450342100862641
Descendente de 30000 elementos:
1133,983673735939
1130,9837329602758
1133,983555065862
1131,9835995670285
1131,9836854555836
1127,9836681365343
1134,9835602025382
1129,9835834126802
1129,983794120507
1129,9836030629479
1130,9836376726225
Randómico de 30000 elementos:
1991,9836124676347
1981,9835909553346
1997,9835923015078
1991,9836609316537
1988,9835847600912
1984,983556958695
1986,983627224651
1989,9836269565787
1982,9837467087086
1991,9835304193155
1988,9837027379401

---------------------------------------------------------------------

Burbuja
Ascendente de 300 elementos:
4.357545463900499E-4
3.3735347023283946E-4
3.508075127136717E-4
4.09560379585627E-4
3.1615065178582205E-4
5.163378050316762E-4
3.5782322616933863E-4
3.8026664737221983E-4
3.3991742979085153E-4
3.661984548289103E-4
3.5936084139631317E-4
Descendente de 300 elementos:
0.12185630919364891
0.11114281873748023
0.11800295523956779
0.12131847501417134
0.10983313681165575
0.11408517503567092
0.11120870436654444
0.10969025889900885
0.10976423071524097
0.10994535805682315
0.11171819594498258
Randómico de 300 elementos:
0.18140840378864048
0.18719784396182307
0.18248103415408792
0.18384489960540593
0.19344583881935018
0.19317871013106117
0.18148055187267478
0.17890781918716273
0.18177394410882278
0.17673282659683046
0.1964498478838745

Burbuja
Ascendente de 3000 elementos:
0.00260275386723618
0.0025742162778743553
0.002519956925158134
0.002357399809600566
0.0032346140546059537
0.002241147491803627
0.0024004155508637677
0.0025756457587043117
0.0024524382825414264
0.0024952517142290765
0.00228159953366114
Descendente de 3000 elementos:
11.607550359716923
11.396105657241494
11.357893061109891
11.31299267205183
11.649531471988569
11.584499220033472
11.59604772120722
11.626232445361794
11.845364482628023
11.312890454177277
11.492539112749387
Randómico de 3000 elementos:
14.880742435526011
15.072928444184571
14.54899532672511
14.836492092169443
14.693953813001158
15.255901926913857
14.923779485973244
14.621358880924712
14.412549307744325
14.426879258075099
15.087863500327389

Burbuja
Ascendente de 30000 elementos:
0.025573419780162143
0.025736891496669554
0.025237530701181777
0.027103832260047176
0.0252629726984647
0.025594834200719483
0.026754188827079892
0.025726660855120917
0.025639375503275424
0.026228599267992297
0.02701279773668813
Descendente de 30000 elementos:
1151.9815286859507
1205.982498206066
1152.9823455678547
1180.982717798939
1143.982822296659
1147.9818508502876
1158.9829278702518
1142.981586506592
1143.9824327173073
1138.9837662337663
1130.9841769648253
Randómico de 30000 elementos:
1968.9840127897683
1968.9842047069974
1970.9842156769896
1967.9841342873915
1970.9842129359204
1969.9841932220536
1970.984234340759
1968.9840817561007
1971.9842507284038
1968.9841832215614
1965.9841199263165

Burbuja
Ascendente de 300 elementos:
4.799498631258688E-4
4.2595951926209345E-4
3.3158363631960436E-4
2.8800373319672436E-4
2.81058332735428E-4
3.36557404833191E-4
3.105282139893407E-4
3.182603326624946E-4
3.099469991500168E-4
3.1417318160653504E-4
2.894339057861036E-4
Descendente de 300 elementos:
0.10682676416828547
0.1090966728580606
0.106334767086484
0.105513867304866
0.10626601477304949
0.1067927369706261
0.10728476134827021
0.11019193437895576
0.14518814389329052
0.17435066076056796
0.13501792971858897
Randómico de 300 elementos:
0.18518333309534665
0.28333345933427295
0.16277602053969123
0.15543432868140755
0.12265930573899815
0.13148799107563194
0.12371344935621371
0.18160651748784765
0.2938443491072714
0.15130511760727744
0.12156894167178557

Burbuja
Ascendente de 3000 elementos:
0.0037628108786732692
0.003382085266813717
0.003191625813573419
0.003348354955067825
0.0031646975621799876
0.0034856513977294
0.003235201949183638
0.0033609225078448223
0.0033936532149910622
0.003035032180711658
0.0023635901844190218
Descendente de 3000 elementos:
12.84443887445088
11.696066861801631
11.256799560783367
11.607626454905656
11.256810232450176
11.573057910396345
11.34655147315952
11.346715977725816
11.684468420581522
11.23438254617075
11.268097000790597
Randómico de 3000 elementos:
13.261560715993374
12.573432375828489
12.6483510349729
12.560826093688537
12.368731877587111
12.242366609661175
12.523457311495035
12.635913358254186
12.418215630141166
12.959812040564518
13.222101416134473

Burbuja
Ascendente de 30000 elementos:
0.0362300963876422
0.03650987236880862
0.037304245935400694
0.0356224088577211
0.03542937595046696
0.03641934918123633
0.03618869447834544
0.037127119271647344
0.03447405076616689
0.038932147743082395
0.03555883306495459
Descendente de 30000 elementos:
1149.9829856739375
1140.9830640517562
1141.9833715787024
1131.9836103189432
1138.982909488652
1141.9830488363027
1139.9837313724215
1145.982567160016
1140.982599011624
1146.982818755047
1146.9825556040123
Randómico de 30000 elementos:
1941.9827799972447
2125.983551819991
1943.9810369021884
1917.9834412412445
1922.9831402896498
1924.9837448593119
1920.9834011121254
1955.9836753350637
1967.9833768306266
1923.9833840120964
1914.9834437086092

Burbuja
Ascendente de 30000 elementos:
0.026687103536453247
0.03219066473489973
0.03628055170821191
0.041274960291142346
0.03323301524720859
0.043239487798153134
0.045935597878733456
0.05047746649997007
0.0585993597731124
0.04617189567193623
0.0696497647893764
Descendente de 30000 elementos:
1747.9698840536064
2693.96677520101
1899.9819324998193
1840.9823769913999
1395.9722044639632
1228.9776606201413
1253.9766196722078
1397.9744611298397
1347.9792255276716
1775.9804817113636
1912.9805220101287
Randómico de 30000 elementos:
3053.980637791159
3209.9750492776766
2595.97811864073
2520.979458104805
3208.9764134254783
2896.975500404243
2546.9787883930085
3898.9737863059663
2768.9764888439563
3311.979277617755
3216.98273868089

Burbuja
Ascendente de 30000 elementos:
0.03532304967556575
0.039608407482920036
0.03861104477529215
0.028982503040587644
0.03443080668275676
0.033514199404274275
0.03567364648664451
0.027565620795437548
0.032128170695635255
0.02591937144234148
0.03919461922011311
Descendente de 30000 elementos:
1703.9762937676314
1250.979538804657
1454.9728622214986
1312.9782286858836
1385.9779312779997
1592.9820791742084
1197.9801413932798
1490.981247773173
1265.979918065708
1195.9771626929753
1193.9808641739064
Randómico de 30000 elementos:
2460.9810023177174
2299.980502641892
2215.978820738733
2406.9826629680997
2323.9821032285777
2380.980423632591
2206.9788426954406
2382.9806175256335
2262.981959227855
2417.9794564167883
2256.9801740716507

Burbuja
Ascendente de 100000 elementos:
0.06296606085333366
0.057490301153835605
0.05066991366244124
0.09104226270994567
0.04705693889606424
0.05174205745041539
0.05627638146329726
0.05422963124928639
0.05948426544611066
0.06403433993879601
0.06857573274432446
Descendente de 100000 elementos:
15219.940856399338
13856.94097509149
13902.94055403638
13982.934365975321
14076.932546374368
14416.931408189863
14080.935005849473
14285.933181878925
14302.931408189863
14238.939525882923
14174.9259478673
Randómico de 100000 elementos:
23683.927525728366
23419.93044929754
23150.937667518545
23022.938324904404
23166.9313987789
23086.922797807456
23022.93869919696
23270.919659355666
23437.927896748144
24975.933827421915
26318.926975317656

Burbuja
Ascendente de 30000 elementos:
0.22460439202684174
0.17089383476772374
0.14677775397564152
0.1288210203869759
0.12468870437631564
0.12033747772311608
0.12028158394922243
0.12498969515195053
0.1133959496879627
0.11088311192243289
0.12887413361164207
Descendente de 30000 elementos:
1627.9826434088345
1253.9573942311788
2082.964274231003
1649.9829336974144
1245.9831260651672
1251.9824936101677
1253.9812008873182
1259.982794810915
1266.9830912564887
1251.9830004249893
1247.982755944888
Randómico de 30000 elementos:
1920.9831428475102
1912.9832344163901
1913.9832856975713
1913.9830171696415
1921.9831346027356
1914.983132611409
1914.98326471868
1910.9833405524273
1910.9833795934649
1908.9833386094404
1907.9834384988656

Burbuja
Ascendente de 30000 elementos:
0.12241722808751468
0.12586702112689768
0.11479227975290968
0.11470023934651344
0.11826677888812433
0.11279548532120216
0.10948094602555429
0.10917865906718638
0.1110236903169132
0.12398307654157872
0.11299664267706518
Descendente de 30000 elementos:
1246.9833685365975
1247.9830076465591
1252.9830209182287
1247.9832787104542
1246.9834135014098
1245.9833386094404
1245.9834305408272
1244.9833798696982
1246.9834469972852
1245.983396426911
1246.9830519964748
Randómico de 30000 elementos:
1912.983360511165
1914.9833299993331
1922.9823252854467
1966.9826665742216
1921.983360511165
1914.9833302772174
1915.9833801459224
1913.9834027650993
1912.983408547916
1913.9833021640395
1916.9834157020134

