

Inserción
Ascendente de 300 elementos:
0,0012746684163709027
0,0010629228693660978
0,0010540241324338176
0,0010545106173389942
0,0010566687023934366
0,0010538539490801242
0,0010536591518144778
0,001051323171706168
0,0010519658029724702
0,0010533774039111277
0,0010525764952926003
Descendente de 300 elementos:
0,04105756941114244
0,040993242375356335
0,04105878401032786
0,041002440893088354
0,041074995894586276
0,041027484096424614
0,04119789879543402
0,041051231354561526
0,041113343216105276
0,040952024295141
0,04110984399213194
Randómico de 300 elementos:
0,02288668442392312
0,02293248098641304
0,022873463405172604
0,023488705124736945
0,022964991379309622
0,02288337294229476
0,022880752374313324
0,022880619503141356
0,022932336816823433
0,022906457070002578
0,02305193830851978

Inserción
Ascendente de 3000 elementos:
0,012063366305294636
0,012331027117548013
0,011842416237985662
0,012366615281862623
0,012083396148512424
0,01203321851289127
0,012011737839013449
0,011959904374582267
0,011920591752689334
0,01273266552949684
0,012101850819473719
Descendente de 3000 elementos:
3,4985239590959543
3,502021505450876
3,498522050270982
3,505514497862474
3,502017771361436
3,5020208132792963
3,4985231416321945
3,5143064300634483
3,50196077555378
3,502015322639877
3,4948823936347932
Randómico de 3000 elementos:
1,8401410516766317
1,8746912756289518
1,840141708127439
1,8401449141568684
1,8367230067830533
1,841983204072764
1,835216735686145
1,836755459089656
1,841982197106697
1,8385932168289598
1,8385988228415044

Inserción
Ascendente de 30000 elementos:
0,12518132540790006
0,12376140105239075
0,122532882553004
0,12285549186553693
0,12217110440755546
0,12246071895540092
0,12290060130820124
0,12242363580191282
0,12252343801057274
0,1221152429498609
0,12233358090267378
Descendente de 30000 elementos:
349,6507375195132
349,3173922515715
349,3173647594866
348,98403830806063
348,9840969450231
351,3172724303893
349,31745779753396
349,6507235517009
349,65074208548316
349,3173993637035
349,9840184107908
Randómico de 30000 elementos:
177,4842447732035
177,31754527226514
177,48417721518987
177,81749827133908
177,6508768605655
177,4842243922447
177,81754252989725
177,8174487191706
178,31755598329704
177,65068252293725
177,6507853319993

Inserción
Ascendente de 30000 elementos:
0.027379130862940058
0.017841097824755528
0.03212866184544578
0.019357471780334243
0.019579825310825295
0.017034473100579903
0.021096748674933243
0.017207048038979923
0.01850059392760377
0.01853276320082642
0.02188426365947358
Descendente de 30000 elementos:
923.4714440732174
358.6392039473082
396.3162841977245
418.98213041225137
397.3147214105356
386.98230370383476
424.64617276360286
429.3100856290441
394.9794124307743
412.64945466646014
401.98291591211944
Randómico de 30000 elementos:
191.81505847953218
195.4812558575445
205.98031883487502
204.78149313395272
203.7807792107944
224.18356506590408
190.64720687060532
253.23031108485924
194.48068976171166
212.58237699139997
234.98366947007432

