Selección
Ascendente de 300 elementos:
0,019978463439594977
0,01972743613866308
0,019812033922218298
0,021106101156159886
0,019452590184728127
0,019385719852638518
0,0194060391837291
0,019345523864402067
0,019321781366157153
0,01985548791135655
0,019414215957312714
Descendente de 300 elementos:
0,05487031912571432
0,054635624274882305
0,053704418420058464
0,055648192578280284
0,054108636249111386
0,053691814558659706
0,05368339317480503
0,05370955574382848
0,053547353560676844
0,05383194305924097
0,053285660118478545
Randómico de 300 elementos:
0,05012546020949172
0,04985319704550803
0,05219608130717706
0,05072414393994198
0,049371455831407965
0,048671250793804514
0,05100930885219584
0,050333977497709674
0,05502115372867272
0,04990293763545441
0,049731154724468804

Selección
Ascendente de 3000 elementos:
4,423094374650229
4,071480917401011
4,113611775390445
4,10080089183181
4,084068479639615
4,046986921018891
4,055054259364151
4,244139572388032
4,117661137226531
4,637033818145767
4,197494504418124
Descendente de 3000 elementos:
4,756702837565893
4,806110056750472
4,747207800284689
4,756589962373158
4,8624714506218565
5,3564399482151925
4,838939387066894
4,787810656802172
5,09480955431537
4,697947471476614
4,747221672429223
Randómico de 3000 elementos:
4,456102174560619
4,536768112847798
4,43643010275782
5,305157441558389
4,440870768834999
4,460629890889919
4,369546316932688
4,327346190695696
4,393083924954429
4,914902086380911
4,482624799803308

Selección
Ascendente de 30000 elementos:
408,64836103585463
407,315458954468
414,98230088495575
416,98338097453967
422,31460253240425
411,9815034033738
427,9833077385324
406,31637153131146
401,6493853615825
400,6492659810797
417,3158023912205
Descendente de 30000 elementos:
518,9823449444749
548,4810849663312
470,31597252362513
464,31600321184914
465,31619948369996
466,649593079506
464,31624603432266
482,3154965753424
530,4812818209044
464,98273868089
467,9817797536623
Randómico de 30000 elementos:
415,316241069292
468,31483536810947
404,9826467219658
406,3161399768463
418,64940475162985
419,64465671817
415,649777627653
405,64954836206357
407,64836036563787
411,3156160306155
427,6480575146857

Selección
Ascendente de 30000 elementos:
145.697433391193
144.12672759029093
144.12679365997278
143.41271527559124
143.412671660708
143.84125218496743
143.55547070020862
143.41252392796963
143.98410149604922
143.41251207319394
143.26980363990117
Descendente de 30000 elementos:
1586.9840556140184
1582.9839723041416
1580.984133532193
1579.9842094459095
1581.9841224476834
1580.9840807424741
1582.9841596705212
1582.9840708528466
1582.984090366717
1581.9840589182381
1583.984221903154
Randómico de 30000 elementos:
1581.9840454385908
1584.9840853027772
1582.9840332109213
1581.9841689489765
1579.984174210293
1582.9841035178915
1579.9840071647902
1580.98401636724
1583.9840799821695
1581.9841060444712
1581.9840865690644

